0.005959788292313307
0.004529959608012144
0.004556093257673452
0.0039007770140607754
0.003702756750778071
0.0033787876045939776
0.0036579076503233535
0.0035338528882576164
0.0030804339028983273
0.003403732969075523
0.0032303179969015213
0.003393023407399437
0.0034082153859636643
0.0028992003115849148
0.003153811096737202
0.0029909385765059747
0.0029733414590922967
0.002843409844667372
0.002536717910628875
0.002380904814663486
0.002579205607218722
0.0024346029719449986
0.0024853449503476495
0.002409073970081747
0.0025481189470262316
0.0023815366821907406
0.002189128848734264
0.002199996343514726
0.002545413159235061
0.002518778877378693
0.0021120875506206367
0.0022524844979982905
0.0022004892245312325
0.002227199489690948
0.00208505612023066
0.00202284132221367
0.002378121495117726
0.002314310088366216
0.001937834597379649
0.001991054673048661
0.0020296092607832114
0.002037510064678661
0.0021268131649444548
0.0019508277626460024
0.0019738846913109243
0.002073198791217725
0.0019331000034483218
0.0021644930684952624
0.001949677294813586
0.0019334068221896615
0.001913306664464737
0.002060119538095501
0.00181484952195969
0.0018220258932764623
0.0018923140001775574
0.0016839180144236634
0.0021119494824738236
0.0018958959158724106
0.001757960106512994
0.0015425046259642707
0.0017045926671036703
0.0016509526684101888
0.0019442548273882428
0.0016786919702371297
0.0017474408828259112
0.0017950126604282426
0.0017698849079770165
0.0016702393056692243
0.0016607430119434522
0.001837463198224572
0.001746147502652186
0.0016687120628342657
0.0017528267844748363
0.0016595343175432543
0.0016926026290850237
0.0017096754423738627
0.001658227774365567
0.0016707560263342991
0.0017567055404396985
0.0016234591556543035
0.0017124332796041276
0.001702204072825869
0.001720617880898589
0.0016141615289239635
0.0016628068803391507
0.0016707128164932866
0.0014509776240490024
0.0015806399502903631
0.0018180921617691425
0.0017256846954794532
0.001605231704718916
0.001568986767122053
0.0016591290575384168
0.0016171688285748047
0.001621815780675664
0.0016637758486122438
0.0015721498762536115
0.0015496684985667004
0.0016888683159618102
0.001559893849193642
0.0017024839741354605
0.0015664971665135946
0.0016759217161868773
0.0015599524908627717
0.0016232928017708371
0.00165601150259328
0.0016708934163831065
0.001596906283159951
0.001547206266074489
0.0014454069616184671
0.0016181288628216942
0.0014496847998221698
0.0015146701737310411
0.0015856550546935726
0.0015187213906039396
0.0014653312823910225
0.0014669573891323304
0.0015348939120558764
0.0015709046070484349
0.0016985102492914855
0.001454420133670588
0.0018255551529191706
0.001584854755120651
0.001895335661400327
0.0016278385536925336
0.0015493994572346038
0.0015379594467719677
0.0014703631450772203
0.0016464574160955057
0.0014883667998777253
0.0015453379588493954
0.001481847063554145
0.0015744717936558364
0.0016974141459273051
0.0015509283755579624
0.0013983266538155205
0.0015270002347750277
0.0014817263418213757
0.0015138385972062493
0.001506055254883466
0.0016396032670941067
0.0015930754506882335
0.00153762120460364
0.0014196663910529855
0.0018295925131822208
0.0019159656705039071
0.001772426674015018
0.001598413492999903
0.001558831430432883
0.001716330213247914
0.0015659979300277757
0.0014101178716718606
0.0014055966379216119
0.0015208030327301418
0.001494765397242821
0.0014192988695814715
0.0013955025069065474
0.0014258907083082046
0.0013958180557348404
0.0016096631905410683
0.0014242067099056023
0.0015091880523756037
0.0016696913442727395
0.0015321169702852838
0.0016275301504919278
0.0016002825785931337
0.001460108471172692
0.00151499322306256
0.0017326200611627641
0.0014740387553495294
0.0014269188574148192
0.0014521388035780838
0.001668356808521071
0.0017123227309347232
0.0017454421575126802
0.0017143876547160402
0.0015150374276385078
0.001608347609030749
0.0016245300880289998
0.0014468371527385049
0.0015420393381407145
0.0014416788839378197
0.0016142596430349144
0.0014766643448804171
0.001788942690982898
0.0015880705083016796
0.001474971122263054
0.001404199481561073
0.0015082393207181122
0.0016917581769831506
0.0015500478980124649
0.0015368637192083427
0.001486077394853108
0.0015811602065397468
0.0013928866180859805
0.00145615797968289
0.0015292864330673768
0.0026054362612215626
0.0029956806909095797
0.002088432143319969
